Epoch	AverageEpRet	StdEpRet	MaxEpRet	MinEpRet	EpLen	AverageVVals	StdVVals	MaxVVals	MinVVals	TotalEnvInteracts	LossPi	LossV	DeltaLossPi	DeltaLossV	Entropy	KL	Time
0	-210.5936	222.20392	-29.093805	-694.55566	274.53845	-0.018053338	0.22967139	0.36146173	-0.40583932	4000	-0.029792115	4059.976	0.0	-962.5051	0.91894394	-5.722046e-09	34.52927565574646
1	-306.93326	266.23965	-52.661503	-770.9948	393.44446	-8.962647	0.2923898	-5.8176947	-9.142826	8000	-0.023781745	3497.8574	0.0	-640.98193	0.91894263	-6.1392784e-09	71.4063560962677
2	-201.62267	188.989	-27.980316	-667.3448	232.05882	-15.166192	0.16120723	-13.696954	-15.2601595	12000	-0.00037657356	3084.379	0.0	-477.1853	0.91880405	0.0	102.04875206947327
3	-265.53336	284.96573	-18.59323	-797.28485	323.16666	-20.460005	0.031597696	-20.03555	-20.472805	16000	0.01127961	2757.264	0.0	-438.06348	0.91872394	1.6093255e-09	137.76598691940308
4	-191.31093	195.25471	-32.72097	-718.75806	228.8125	-25.475273	0.043120265	-25.222775	-25.50226	20000	-0.009147705	1919.3087	0.0	-269.5382	0.9186671	3.1590461e-09	167.79001688957214
5	-193.78506	226.59048	-28.27695	-761.55273	247.0	-29.539701	0.09821753	-28.113014	-29.574385	24000	-0.021268513	1751.8896	0.0	-216.15283	0.9186071	6.8545343e-09	201.25770807266235
6	-161.23357	190.19882	-41.888695	-769.69324	209.21053	-33.279057	0.022478662	-32.807064	-33.28735	28000	-0.028391678	1291.2869	0.0	-112.98364	0.91856396	-1.37090685e-08	233.7223780155182
7	-199.90964	210.09906	-15.362915	-756.1338	264.6	-34.96003	6.179151	15.44625	-36.107697	32000	-0.03461616	1285.1423	0.0	-279.25873	0.91849464	1.6689301e-09	266.8600423336029
8	-155.29251	203.77312	-25.312609	-746.9803	211.55556	-39.01139	0.0028113206	-38.98752	-39.014008	36000	0.014459398	954.94763	0.0	-60.817444	0.91841245	2.5629998e-09	300.2007575035095
9	-272.30237	320.2296	-24.694466	-886.4329	363.54544	-41.22393	0.0067700245	-41.154034	-41.227257	40000	-0.023058109	1181.8418	0.0	-147.22424	0.9183367	6.556511e-09	332.5337743759155
10	-314.83942	252.98738	-47.471294	-756.398	368.4	-44.2845	1.9895866	-9.871389	-44.62181	44000	-0.042334363	1159.6981	0.0	-215.44257	0.91827863	1.2993812e-08	364.8183867931366
11	-299.51117	303.90268	-32.110107	-822.1665	395.1	-48.605324	0.027559623	-48.203407	-48.61357	48000	-0.03507144	819.971	0.0	-91.849976	0.9181928	3.0398368e-09	397.40085911750793
12	-164.88037	230.65143	-17.160444	-773.81116	218.11111	-51.505756	0.01748219	-51.26444	-51.510742	52000	-0.022395648	785.5014	0.0	-18.193848	0.9181044	3.5762786e-09	427.2882912158966
13	-179.20914	237.75095	-10.311443	-769.4669	235.23529	-52.886543	0.00067113276	-52.881565	-52.887238	56000	-0.046762016	799.02264	0.0	-17.64862	0.9180087	6.0200693e-09	457.403281211853
14	-108.29116	119.44312	-34.603	-557.22034	149.44	-54.072952	1.5794752	-10.384602	-54.198082	60000	-0.01230801	866.4754	0.0	-42.621277	0.91789776	-2.503395e-09	486.92967104911804
15	-166.29971	237.84322	-23.368536	-783.4548	246.5	-52.850105	0.0018755529	-52.839016	-52.851658	64000	-8.815575e-05	625.62415	0.0	-0.19873047	0.9178011	-1.1920929e-09	515.0793025493622
16	-111.17949	147.6063	-21.775106	-682.41785	158.6	-52.87031	0.31485036	-49.882683	-52.931904	68000	0.015716262	816.8735	0.0	-31.769775	0.9177112	7.7486035e-09	543.2734336853027
17	-117.312294	111.57448	-35.52351	-470.1017	169.42857	-47.528496	16.151213	43.77921	-51.758408	72000	-0.06206941	822.347	0.0	-152.42963	0.91763884	2.6226044e-09	572.7785406112671
18	-167.39413	220.42607	-12.760942	-799.0732	210.11111	-47.789227	12.030699	43.954258	-50.76822	76000	0.013985222	1331.2343	0.0	-423.47565	0.91754395	2.9802323e-09	602.5162255764008
19	-125.50002	149.91145	-17.354132	-511.98358	173.86957	-51.96486	2.1942804	-28.616901	-52.318104	80000	-0.031238489	763.4979	0.0	-145.45105	0.9174676	-6.377697e-09	629.6674263477325
20	-144.84366	199.18016	-14.942453	-766.30615	199.15	-43.24192	10.659885	-9.355661	-52.546387	84000	0.010369472	1208.0175	0.0	-519.0546	0.9173854	-3.516674e-09	659.4086244106293
21	-142.59929	213.17111	-18.480694	-810.435	190.8125	-41.70501	11.188266	3.7669806	-53.937595	88000	-0.0039480818	1077.3778	0.0	-539.8642	0.9173139	6.0796737e-09	688.0102744102478
22	-98.87095	156.6422	-23.062187	-733.75146	144.40741	-46.794704	8.543052	-35.863827	-57.179012	92000	-0.024558596	548.9205	0.0	-104.96631	0.9172509	4.1127204e-09	715.0805654525757
23	-94.109406	120.59688	-24.65066	-483.48914	129.61539	-43.11575	10.761643	-34.030964	-58.06021	96000	-0.025698025	628.78217	0.0	-82.85852	0.91718537	3.5762787e-10	744.192754983902
24	-90.32018	151.82213	-28.884956	-825.4359	130.11111	-43.770416	11.203039	-34.54652	-59.929058	100000	-0.008878721	602.90985	0.0	-111.88245	0.9171105	-2.7418137e-09	774.247457742691
25	-123.79513	209.13269	-20.85052	-868.9569	160.83333	-46.488464	12.407194	-34.523487	-61.473812	104000	0.027454987	722.8692	0.0	-102.04602	0.9170337	-3.4570693e-09	805.7858159542084
26	-97.38431	165.72368	-28.150503	-851.01324	138.07408	-44.97558	12.390763	-35.801716	-64.40989	108000	0.0005674105	631.7272	0.0	-167.62589	0.91698766	2.0861626e-09	835.0013589859009
27	-74.40801	133.01329	-10.534503	-836.74756	112.542854	-42.431145	11.558808	-35.32786	-65.43258	112000	-0.0476745	466.33417	0.0	-89.25241	0.91694134	3.5762787e-10	865.5000171661377
28	-77.237015	121.63697	-14.495096	-688.808	122.625	-41.863647	12.943174	-33.255974	-64.815186	116000	-0.0124692265	345.71487	0.0	-115.30568	0.91687953	-1.5497208e-09	895.7999212741852
29	-73.820206	139.26154	-18.30732	-828.00195	109.70968	-41.62864	15.249716	-29.546556	-64.13161	120000	-0.01571441	425.86612	0.0	-82.33981	0.9168173	3.6358834e-09	924.946049451828
30	-84.82755	122.50139	-16.21005	-604.4326	127.1	-40.71366	16.012808	-29.252678	-65.06559	124000	0.0038993235	325.23166	0.0	-27.380554	0.916752	-1.29342075e-08	954.2353129386902
31	-106.86727	205.00894	-10.4977	-866.81274	150.8077	-42.96778	17.222809	-26.712355	-65.09085	128000	-0.009863394	408.77368	0.0	-82.51904	0.9166953	8.3446505e-10	985.9521896839142
32	-81.07041	110.46902	-28.060896	-559.8251	117.23529	-39.32448	16.692116	-27.400038	-67.29603	132000	-0.05331025	503.01077	0.0	-110.50473	0.9166427	-7.390976e-09	1015.1888620853424
33	-104.76113	196.36552	-18.15166	-789.5669	154.39131	-47.683266	18.07853	-27.487417	-68.06939	136000	0.060432043	288.52774	0.0	-49.32399	0.9165756	5.2452087e-09	1045.5196135044098
34	-71.42134	135.16168	-10.779076	-790.207	108.4	-46.01812	18.799604	-27.516146	-69.21514	140000	-0.0006009407	321.72382	0.0	-78.8636	0.91654104	3.9935113e-09	1075.8077776432037
35	-65.43353	129.14876	-16.6738	-797.81793	99.5	-42.34024	19.667362	-26.982601	-69.939354	144000	-0.037107054	329.7724	0.0	-94.12109	0.9165106	-4.351139e-09	1106.1981763839722
36	-50.599663	62.183987	-12.866255	-480.8966	78.333336	-30.523891	13.4951105	-25.35703	-69.66475	148000	-0.011190462	241.5291	0.0	-33.18097	0.9164614	3.3378602e-09	1133.9663684368134
37	-58.590233	92.06888	-12.323164	-644.9129	89.84091	-30.365667	16.408175	-23.195265	-68.923485	152000	0.046205964	224.11678	0.0	-6.553604	0.91641295	1.2695789e-08	1162.3144555091858
38	-49.729523	59.49347	-15.659106	-443.38312	77.734695	-27.50825	14.02298	-22.678413	-69.34044	156000	-0.019433597	211.01118	0.0	-6.1013794	0.9163923	-1.4305115e-09	1190.1313631534576
39	-57.96703	94.40468	-10.741966	-633.50574	92.06977	-27.63364	13.3300085	-20.861952	-68.28776	160000	-0.0024264613	309.75058	0.0	-144.68703	0.9163673	-1.6093255e-09	1217.3606312274933
40	-78.441505	169.34001	-12.26439	-794.0822	113.74286	-40.774014	22.782808	-14.216144	-68.98689	164000	-0.0112764165	383.4842	0.0	-147.6308	0.9163357	-5.841255e-09	1246.9508337974548
41	-38.457573	21.45698	-13.226622	-153.4327	64.36066	-24.460009	9.508949	-19.893608	-68.139854	168000	0.04829707	268.272	0.0	-93.641556	0.91631097	-5.364418e-10	1274.4035427570343
42	-50.41078	96.08926	-11.550994	-648.2025	75.02439	-36.440033	23.65593	-18.928614	-70.43969	172000	0.013485639	262.69305	0.0	-59.500412	0.91630447	-6.0200693e-09	1302.5515942573547
43	-42.99313	95.37818	-11.2294445	-759.1535	67.55932	-31.548746	21.566061	-19.758968	-72.2217	176000	-0.004754057	166.38461	0.0	-28.614365	0.9163077	-1.9669533e-09	1331.0225167274475
44	-44.729454	72.94694	-11.405482	-579.1503	69.82456	-27.203274	18.875336	-18.47257	-72.2045	180000	0.014366053	166.96553	0.0	-15.725571	0.916307	-1.0728836e-09	1359.4489743709564
45	-44.29919	91.54085	-9.899182	-715.1793	70.80357	-30.70041	22.758993	-17.77379	-72.29139	184000	-0.013725935	117.55367	0.0	-14.364395	0.9163154	-5.4240226e-09	1388.7645030021667
46	-34.802433	20.494968	-10.735134	-133.34958	58.441177	-19.013855	7.786517	-16.667473	-63.294704	188000	-0.0036472797	221.4963	0.0	-76.14731	0.91631573	-4.351139e-09	1416.2905049324036
47	-33.448795	24.491968	-8.266893	-192.88026	56.550724	-16.539213	0.033832796	-16.194258	-16.711004	192000	-0.011939526	176.54462	0.0	-6.1308136	0.9163141	-5.3048135e-09	1444.2930176258087
48	-41.171177	93.064156	-9.91712	-744.9799	65.416664	-27.7007	20.316607	-16.752207	-71.1052	196000	-0.016919235	189.69672	0.0	-47.589005	0.9163032	-2.2649764e-09	1471.8775143623352
49	-32.405567	24.823196	-10.350743	-161.10313	54.815384	-21.660173	14.324805	-16.653929	-72.18871	200000	-0.013735548	243.46887	0.0	-52.723053	0.9162878	-3.7550927e-09	1500.2776420116425
50	-29.41072	19.205908	-10.196323	-103.74631	50.012985	-18.574745	7.2075214	-16.51918	-68.72738	204000	-0.029609876	224.3489	0.0	-72.12091	0.9162692	-2.9802322e-10	1529.3670103549957
51	-39.253784	79.71566	-8.115964	-647.7934	62.234375	-17.040386	4.8247356	-14.616834	-57.69294	208000	0.028624387	722.3984	0.0	-528.1478	0.9162361	1.001358e-08	1557.5736796855927
52	-38.313946	84.961365	-9.232324	-691.0577	61.515625	-28.614687	22.001095	-16.590487	-72.84563	212000	-0.016311614	241.93243	0.0	-66.51341	0.9162196	9.477138e-09	1586.6100885868073
53	-25.701996	26.399918	-7.920366	-233.80559	44.0	-21.340435	14.670666	-16.636015	-73.30378	216000	0.013581081	237.8917	0.0	-104.38997	0.9161981	2.6822091e-09	1615.5512473583221
54	-36.79388	100.43354	-8.967694	-863.51294	57.142857	-22.705742	16.348888	-7.9826093	-66.813995	220000	-0.028342588	405.57355	0.0	-199.82236	0.9161847	-2.3245812e-09	1646.2248935699463
55	-22.500515	13.142292	-7.7023454	-88.56689	39.039604	-15.445603	4.2673264	-9.771468	-67.74032	224000	0.02026524	127.91383	0.0	-38.306465	0.9161584	2.5629998e-09	1676.0722370147705
56	-30.391157	83.1343	-7.3502226	-770.7948	48.585365	-24.576488	23.31178	-8.035308	-68.901535	228000	0.033430006	168.41505	0.0	-52.225754	0.91615033	-1.7881393e-09	1705.3289439678192
57	-26.942497	33.386963	-8.517176	-312.73434	44.91011	-12.837603	1.5303148	-10.070009	-49.35121	232000	0.051217284	398.6097	0.0	-263.78754	0.9161504	-4.9471853e-09	1736.4194107055664
58	-21.786829	11.344699	-7.805968	-64.4543	38.534653	-13.787377	0.7485442	-10.926943	-20.57585	236000	0.011886009	85.84564	0.0	-7.3256836	0.9161825	4.2915342e-09	1767.8828966617584
59	-33.854824	97.73715	-7.13319	-862.11743	49.39189	-26.02823	24.84814	-9.330241	-71.04233	240000	-0.017921835	413.53345	0.0	-119.48361	0.9162117	-5.185604e-09	1798.3651068210602
60	-20.128916	12.955985	-7.298477	-113.52628	35.589287	-15.401236	6.112043	-12.298983	-75.18278	244000	-0.008329651	152.5306	0.0	-66.563354	0.9162266	9.775162e-09	1829.4414517879486
61	-19.998564	11.45399	-7.79125	-64.10681	35.660713	-10.381614	0.261848	-8.693789	-10.926347	248000	-0.06410534	69.21378	0.0	-2.4525223	0.916242	-9.536744e-10	1861.4072968959808
62	-16.42538	8.822201	-7.1005964	-53.949398	29.397058	-10.212267	0.5363425	-8.82506	-11.096186	252000	-0.031573836	50.69405	0.0	-4.455761	0.9162277	-1.4901161e-09	1892.452022075653
63	-18.693485	12.204892	-6.3894515	-68.65335	33.61017	-8.719228	0.7209981	-7.8836184	-10.50174	256000	0.0062974226	72.67475	0.0	-2.6825562	0.9161963	-2.5629998e-09	1924.2079672813416
64	-16.649096	11.966394	-6.365823	-103.39417	30.067669	-10.990337	8.0218	-8.771234	-76.12848	260000	0.050811168	127.37747	0.0	-61.183266	0.91617185	2.3245812e-09	1956.3263874053955
65	-14.893815	8.375854	-7.062294	-41.306778	26.925676	-9.1159725	0.9056011	-8.094288	-12.725309	264000	-0.08435176	43.763313	0.0	-2.6095772	0.916176	-3.8146974e-09	1987.9921159744263
66	-14.033269	9.6215	-6.4377747	-77.26839	25.601307	-7.552171	1.4101952	-5.537273	-18.930416	268000	-0.022583378	61.65854	0.0	-0.9954262	0.916138	3.8146974e-09	2019.82799077034
67	-13.120197	7.369934	-6.649029	-51.064354	24.018183	-8.156043	0.83556837	-7.1655345	-9.817936	272000	-0.04357049	39.158142	0.0	-2.8237762	0.91609955	-5.9604643e-10	2051.61053109169
68	-13.685982	7.5565195	-5.8733196	-43.481735	24.925	-6.789624	1.6814005	-4.261276	-9.628395	276000	-0.068054646	35.921085	0.0	-0.9576912	0.9160433	-1.2397766e-08	2083.0714786052704
69	-13.351977	13.111074	-6.355335	-146.18158	24.447853	-6.7522707	1.7193174	-4.835756	-9.845574	280000	-0.057228357	115.60869	0.0	-19.635963	0.91596746	1.9073487e-09	2114.2278723716736
70	-15.597852	54.770203	-5.928794	-673.47833	27.034014	-4.231172	12.810984	44.517807	-14.5484705	284000	0.0031389613	1134.1477	0.0	-974.9264	0.91587615	-8.165836e-09	2145.940587282181
71	-11.095148	6.3189387	-5.8891745	-52.393772	20.592783	-7.297687	5.722929	-5.109092	-49.51721	288000	-0.019392828	58.970657	0.0	-30.600876	0.9157938	-8.3446505e-10	2177.2172746658325
72	-13.813334	48.4057	-5.807179	-630.04333	24.230303	-15.857841	19.473024	-4.465534	-64.30119	292000	-0.029921165	133.04619	0.0	-49.365433	0.91571474	-1.7881393e-09	2209.7111537456512
73	-11.976744	8.895521	-5.923892	-56.091263	22.284916	-6.954912	3.540112	-4.386593	-46.498672	296000	-0.057921316	62.53691	0.0	-11.799042	0.9156319	3.2782554e-09	2241.205818414688
74	-10.309758	7.434961	-5.3751783	-57.746758	19.478048	-6.90714	1.28964	-4.620616	-10.368298	300000	-0.08065357	41.342632	0.0	-1.7745705	0.9155296	-1.9669533e-09	2273.2145149707794
75	-9.412679	7.3355374	-5.2718487	-84.02872	17.883408	-6.231338	1.5411141	-3.7550104	-10.971719	304000	-0.037110344	42.412743	0.0	-2.8927193	0.91540504	-2.0861626e-09	2304.5082457065582
76	-9.194523	5.026546	-5.283054	-36.63612	17.436682	-5.459292	1.6995305	-3.065824	-14.983981	308000	-0.04115311	22.122133	0.0	-2.1753635	0.9152738	-7.092953e-09	2335.3780529499054
77	-8.479293	4.6853824	-5.2948895	-55.85698	16.278688	-4.748612	1.691614	-2.7030225	-9.582225	312000	-0.044082575	20.55871	0.0	-0.41493225	0.9151433	-1.6093255e-09	2366.5918443202972
78	-8.861274	6.0693154	-5.364715	-57.988445	17.072649	-4.6400294	1.7330081	-2.245273	-12.057289	316000	0.01799824	30.488396	0.0	-1.1261787	0.9150037	1.1324882e-09	2398.520215511322
79	-13.595051	55.69419	-5.214389	-722.7785	23.886227	-13.952862	16.465183	-2.19826	-61.9748	320000	-0.017817121	301.80573	0.0	-186.16318	0.91488934	2.9802322e-10	2431.5136647224426
80	-11.932332	50.809875	-5.3655615	-706.75183	21.132275	-20.947054	26.766531	-3.797244	-71.48737	324000	-0.010333788	77.69135	0.0	-26.196598	0.9147754	1.0728836e-09	2465.1979279518127
81	-10.049985	35.112988	-5.2437677	-536.8263	17.54386	-14.173014	22.922304	-3.1534376	-74.2703	328000	-0.014038884	64.80063	0.0	-16.4883	0.91467494	-4.23193e-09	2497.2290303707123
82	-11.526789	51.9438	-5.2002344	-735.4274	20.30457	-22.755877	30.889637	-2.7089698	-79.46987	332000	-0.024528325	71.83674	0.0	-23.290142	0.91457486	3.5762786e-09	2531.113123893738
83	-10.1081295	32.78206	-5.212715	-416.22845	17.012766	-15.499425	24.847145	-2.274836	-77.51266	336000	-0.03094236	96.15856	0.0	-39.96296	0.9144769	9.23872e-09	2562.803966999054
84	-7.132802	2.80541	-5.205944	-26.616262	14.077465	-4.8639393	5.5971212	-2.1614153	-63.184505	340000	-0.010171555	37.52686	0.0	-30.16256	0.9143735	3.5762787e-10	2593.814974308014
85	-7.550632	4.1198664	-5.2328925	-39.13529	14.88764	-3.7536645	3.8759575	-1.3605468	-61.66332	344000	-0.027076466	25.597383	0.0	-12.078094	0.91428286	-1.0490417e-08	2625.338095188141
86	-10.384801	43.366344	-5.203769	-631.5512	17.95673	-15.564818	25.370108	-1.1795065	-79.42767	348000	-0.049171485	285.2787	0.0	-193.34021	0.9141839	-1.9669534e-08	2657.664836883545
87	-9.333496	35.683758	-5.2367435	-563.76605	16.352459	-14.729982	25.197401	-1.95173	-80.02218	352000	-0.012245176	50.434734	0.0	-12.934608	0.91407293	-3.516674e-09	2688.5392348766327
88	-10.074021	48.95312	-5.239212	-738.65424	17.928251	-22.445782	32.838554	-1.9354303	-82.16137	356000	-0.025932826	35.366623	0.0	-12.250898	0.9139723	-1.3113022e-08	2721.0983731746674
89	-6.612772	2.461509	-5.219084	-34.310226	13.225165	-3.63213	3.7468703	-0.8047738	-48.423935	360000	-0.04131978	17.59386	0.0	-11.225437	0.9138763	-4.887581e-09	2751.9253792762756
90	-8.860063	27.392553	-5.197754	-439.37057	15.837301	-9.8703375	20.86567	-0.85752183	-75.33405	364000	-0.008828773	92.59189	0.0	-41.2785	0.9137684	1.591444e-08	2782.713040828705
91	-6.4058495	1.8407848	-5.1890054	-19.515322	12.836013	-3.984084	1.6609614	-2.3301506	-15.213008	368000	-0.025526516	5.8926435	0.0	-2.2169862	0.9136731	-6.6757204e-09	2813.3025794029236
92	-6.6497836	2.89021	-5.2302594	-29.273193	13.28	-2.90929	1.8827446	-1.0437458	-16.926867	372000	-0.07061351	8.617958	0.0	-1.0589075	0.9135677	-1.01923945e-08	2844.029085636139
93	-6.7232614	2.7690487	-5.1973705	-20.124134	13.387205	-3.0201488	1.9026629	-0.5952987	-8.628258	376000	-0.096182995	8.272546	0.0	-0.27325392	0.91344887	-1.4305115e-09	2874.6024882793427
94	-6.633038	3.3441763	-5.1977544	-39.109135	13.289037	-3.2723696	2.1412964	-0.6262675	-19.52065	380000	-0.04117499	11.525878	0.0	-1.2054281	0.91330373	2.9802323e-09	2905.1832830905914
95	-6.4523263	2.275427	-5.218486	-23.58758	12.951299	-3.0670948	1.977104	-0.3576209	-10.583062	384000	-0.058092665	5.2969556	0.0	-0.3141122	0.9131657	5.364418e-10	2935.9049170017242
96	-10.072382	49.562023	-5.2192035	-747.0162	17.892376	-21.17616	33.17809	-0.2232207	-81.73325	388000	-0.008976168	70.79015	0.0	-28.221138	0.91301733	-4.172325e-09	2965.8690338134766
97	-9.213367	45.369217	-5.2037888	-706.96497	16.80252	-21.059767	31.35596	-0.74100745	-77.774765	392000	-0.004475445	46.82196	0.0	-14.617172	0.91287905	-7.033348e-09	2996.9881176948547
98	-6.3861055	2.6637793	-5.1709733	-29.808853	12.870968	-3.5639558	4.498265	-0.034058154	-59.867054	396000	-0.032399543	22.743616	0.0	-16.172293	0.9127513	-7.56979e-09	3027.577559232712
99	-6.48538	2.9908497	-5.173661	-31.970943	13.052288	-2.894132	2.1305337	0.0124156475	-11.700809	400000	-0.06467943	8.059103	0.0	-0.28287172	0.9126239	4.6491624e-09	3058.048980951309
100	-6.0585136	1.8966476	-5.1886673	-27.173946	12.314815	-3.0217023	2.2731626	0.1544888	-12.07485	404000	-0.078604795	3.2436855	0.0	-0.66434526	0.91249055	4.6491624e-09	3088.7547068595886
101	-6.293757	2.6532423	-4.6644254	-31.955568	12.735669	-2.5409348	2.1831803	0.56995326	-10.153886	408000	-0.078913264	6.448707	0.0	-0.2488246	0.91233265	3.1590461e-09	3119.7657561302185
102	-6.140273	2.4819374	-4.6913505	-36.980896	12.448598	-2.7111878	2.079298	0.4969337	-9.57066	412000	-0.021317177	5.759773	0.0	-0.4494338	0.91216666	-3.0994416e-09	3150.3744785785675
103	-5.902369	1.0812064	-5.190976	-19.769234	12.033133	-2.5846386	2.0413513	0.46885777	-7.6126356	416000	-0.043651517	1.4466131	0.0	-0.29715323	0.9120063	5.960465e-11	3180.998778104782
104	-8.172393	34.094032	-5.1516	-559.1528	15.171103	-14.42688	26.306486	0.4999051	-72.265366	420000	0.015318573	139.59775	0.0	-44.79995	0.9118479	-1.192093e-10	3211.82200050354
105	-5.91567	1.7726249	-4.670328	-26.981224	12.078549	-3.0284302	5.0624967	1.1261616	-59.76064	424000	-0.046525277	21.265736	0.0	-18.285984	0.9117008	1.9609928e-08	3243.194736480713
106	-6.005383	1.9152774	-4.7106457	-22.536749	12.234657	-11.301596	22.112534	0.759297	-67.80399	428000	-0.02915956	97.5386	0.0	-53.02449	0.91155744	2.7418137e-09	3274.397053003311
107	-5.855292	1.5051265	-4.7069397	-19.928293	11.964072	-3.4547763	2.4806871	-1.9339626	-67.75088	432000	-0.0800759	8.532789	0.0	-5.8759727	0.91142166	-2.7418137e-09	3305.1861951351166
108	-5.749076	1.0116479	-4.685595	-19.719152	11.787611	-2.4325337	1.8318056	-0.49648482	-6.0229063	436000	-0.059945542	1.312799	0.0	-0.193923	0.9112683	6.0200693e-09	3335.9399285316467
109	-5.8774123	1.7127391	-4.7582703	-25.84421	12.003003	-2.363306	2.3079758	0.10117674	-45.471207	440000	-0.091595106	4.7372904	0.0	-1.7278612	0.91110253	8.761883e-09	3366.626460790634
110	-8.975991	47.341488	-4.7823377	-759.84515	15.810277	-17.962667	29.44727	0.17640197	-73.77349	444000	0.00514801	182.69025	0.0	-95.29516	0.91091925	-2.3841857e-09	3397.178670167923
111	-5.7889447	1.6866113	-4.641829	-20.708338	11.857567	-3.3253565	2.6573207	-0.96580034	-51.67949	448000	-0.095672145	8.039469	0.0	-4.7767262	0.91075563	3.8146974e-09	3427.6267716884613
112	-5.8479705	2.2986774	-4.684091	-39.115974	11.97006	-2.567809	2.7372663	0.080233335	-42.20848	452000	-0.054923333	8.600227	0.0	-3.530068	0.9105706	-1.0371208e-08	3458.45947933197
113	-5.5938916	0.62340975	-4.663202	-11.089168	11.527377	-2.4533458	1.8867064	0.6197809	-6.559068	456000	-0.08490153	0.6178479	0.0	-0.26681963	0.9103825	1.3709068e-09	3489.3141856193542
114	-5.6112943	0.59165716	-4.63232	-9.608677	11.557803	-2.093944	1.9820355	1.259545	-5.241969	460000	-0.09020444	0.31010327	0.0	-0.008912832	0.9101854	-1.3768673e-08	3519.8361299037933
115	-5.6130185	1.1975869	-4.6693025	-24.903744	11.576812	-2.1634362	2.0352516	1.3936601	-9.114313	464000	-0.08396826	1.5708838	0.0	-0.21369946	0.9099674	-7.7486035e-09	3550.433737039566
116	-5.6567783	1.4747114	-4.6420326	-22.89479	11.656863	-7.8231993	17.391085	0.9819147	-72.06201	468000	-0.09882341	68.533	0.0	-36.511856	0.9097465	-7.092953e-09	3581.0002479553223
117	-6.6633744	17.975409	-4.6659365	-320.41418	13.003258	-9.554671	20.506693	-0.044833362	-79.54144	472000	-0.07283724	63.273132	0.0	-32.63007	0.90951025	6.7949295e-09	3611.4123327732086
118	-5.5516534	0.7413747	-4.6524715	-16.4873	11.458453	-2.5696757	2.3088455	0.16936523	-49.841187	476000	0.010272692	2.8845463	0.0	-2.366708	0.909277	7.212162e-09	3641.8284912109375
119	-5.5166607	0.6056511	-4.669671	-10.127792	11.390313	-2.1374078	1.9732634	2.6930559	-5.353099	480000	-0.14613421	0.33622	0.0	-0.013109893	0.9090726	-7.510185e-09	3672.305535554886
120	-5.521252	0.5029832	-4.6856513	-8.902687	11.387465	-2.0389283	1.9995985	2.2172346	-5.2981753	484000	-0.092316605	0.2564692	0.0	-0.014547721	0.9088449	-3.218651e-09	3702.35080909729
121	-5.4859962	0.538983	-4.641248	-9.995533	11.338068	-2.0938945	1.9898843	5.0384483	-5.30539	488000	-0.10606625	0.29514962	0.0	-0.024234354	0.908598	-1.0669232e-08	3732.785147190094
122	-11.435103	67.52751	-4.650879	-945.0657	18.246574	-19.339214	24.824324	2.3199618	-73.81673	492000	-0.06657391	717.6445	0.0	-456.89423	0.9083506	-4.2915342e-09	3763.205505132675
123	-6.6198354	20.24359	-4.6711082	-361.68695	12.925567	-12.397925	25.330427	0.0111292	-79.90255	496000	-0.08721144	124.58971	0.0	-52.94275	0.90810484	-5.7816507e-09	3793.1326203346252
124	-5.476225	0.93915415	-4.65946	-19.743587	11.332386	-2.2455366	4.3817883	2.1786578	-66.701065	500000	-0.025766429	17.536419	0.0	-16.297297	0.9078442	-1.192093e-10	3823.507453918457
125	-5.505989	0.7863958	-4.642833	-13.800066	11.397142	-1.9647464	1.7159666	3.979375	-4.2083993	504000	-0.052298263	0.8076611	0.0	-0.2206837	0.9075994	-1.1920929e-08	3854.118332386017
126	-5.53702	1.0708169	-4.6438665	-18.903383	11.464164	-10.686373	21.231775	3.5213532	-63.055573	508000	-0.024444934	142.47885	0.0	-109.96334	0.90736157	-1.4901161e-09	3884.578807592392
127	-7.436252	33.70692	-4.6486025	-592.96106	13.174917	-12.617817	25.849577	1.0474992	-79.7863	512000	-0.024176573	81.88123	0.0	-38.22692	0.90713304	2.4437905e-09	3915.7701919078827
128	-5.4645243	0.7058936	-4.6447463	-11.701963	11.331445	-2.519377	2.0457	-0.047907174	-19.39774	516000	-0.020571897	1.6858556	0.0	-1.0918353	0.9069223	6.556511e-09	3946.2868146896362
129	-5.4360495	0.6276672	-4.6605573	-10.604754	11.27541	-13.640286	29.378971	0.5660602	-89.64137	520000	-0.026438152	37.792057	0.0	-23.199007	0.9067295	-4.768372e-10	3976.4665455818176
130	-5.4357843	0.84793615	-4.658499	-18.108448	11.285311	-2.6111064	4.5207925	0.8399829	-60.587917	524000	-0.033813037	16.26088	0.0	-15.325127	0.9065469	1.835823e-08	4007.1721580028534
131	-5.342857	0.35695764	-4.63496	-7.322128	11.105556	-2.0494518	1.9326857	0.8399852	-4.6775765	528000	-0.09176975	0.33234912	0.0	-0.06199208	0.9063747	1.07288365e-08	4037.108712911606
132	-5.4372463	0.6074221	-4.672851	-9.982702	11.271187	-1.9538635	1.9212674	0.8887428	-4.7174697	532000	-0.03429272	0.47900787	0.0	-0.06669116	0.9061839	-7.3313715e-09	4067.3636722564697
133	-5.3768554	0.6108221	-4.652061	-9.537527	11.170149	-6.189042	17.163944	0.90213454	-79.093	536000	-0.03909246	52.983673	0.0	-32.59636	0.9059943	-4.9471853e-09	4097.769031047821
134	-5.4181576	0.9179831	-4.6646748	-20.667547	11.224719	-2.7168128	5.4330416	0.16093451	-81.723694	540000	-0.009778942	25.601437	0.0	-24.545702	0.9058216	-2.0861625e-08	4127.988566637039
135	-5.364419	0.5009273	-4.6408305	-10.606793	11.133705	-2.0130782	1.8277227	0.7527454	-4.6853647	544000	-0.09054988	0.289323	0.0	-0.030021846	0.9056561	2.9206275e-09	4158.317336797714
136	-5.386803	0.9037374	-4.651539	-18.832785	11.173184	-2.0321875	1.8957697	0.6651696	-9.752855	548000	-0.09609474	0.949737	0.0	-0.041488588	0.90547925	8.8214875e-09	4188.54715514183
137	-6.334311	17.722975	-4.6604776	-329.58453	11.931343	-6.419679	17.730583	0.6523568	-82.63596	552000	0.0032563682	87.28103	0.0	-48.79526	0.9052834	7.450581e-09	4218.780544281006
138	-5.3865232	0.98600155	-4.648738	-17.882292	11.184874	-2.8054726	2.9245315	0.039949536	-40.15824	556000	-0.0262704	6.3956375	0.0	-5.534843	0.90511376	-4.8279762e-09	4248.787159919739
139	-6.3369045	19.006453	-4.6518154	-354.13412	11.901786	-7.9241643	21.76594	0.5351205	-89.465645	560000	-0.0036416168	48.41986	0.0	-31.783016	0.9049527	-1.3113022e-09	4278.918343782425
140	-5.3453083	0.82686114	-4.6554947	-14.29018	11.111111	-3.0511534	6.277265	0.4883908	-73.797066	564000	-0.014617954	38.347126	0.0	-37.622272	0.9048115	3.3378602e-09	4309.199671506882
141	-5.342357	0.5176425	-4.6384454	-10.063778	11.088889	-2.0436134	1.9205492	0.5311369	-4.9904127	568000	-0.07613322	0.33452168	0.0	-0.046671033	0.90467954	-1.1086464e-08	4339.477668523788
142	-5.332533	0.45863685	-4.6523457	-8.410427	11.080333	-2.005298	1.9203068	0.6466819	-5.151346	572000	-0.10954023	0.25947806	0.0	-0.025731057	0.90453744	1.0251999e-08	4369.198496580124
143	-5.3273444	0.8656803	-4.644946	-19.38124	11.058171	-2.0315266	2.181467	0.77559924	-35.784187	576000	-0.062324096	2.1135664	0.0	-1.1454196	0.9043659	8.3446505e-10	4398.73846745491
144	-5.3013077	0.5318346	-4.6589546	-10.56931	11.016529	-2.0295632	1.8920087	0.7221447	-5.1966057	580000	-0.07156793	0.25863332	0.0	-0.016788706	0.90419334	-2.0802021e-08	4428.22548866272
145	-6.355074	19.927383	-4.6473627	-370.45255	11.928358	-8.108685	22.38721	0.7770891	-91.19173	584000	-0.029518586	73.602066	0.0	-56.887924	0.90402	7.56979e-09	4458.145531415939
146	-5.2460136	0.37344602	-4.6582637	-7.8806334	10.909836	-2.2291257	1.8429016	0.15033174	-5.1916723	588000	-0.046507854	0.3795699	0.0	-0.16324495	0.90384907	-5.9604646e-09	4487.5332725048065
147	-5.223641	0.3974597	-4.629348	-7.892416	10.87466	-2.0066931	1.9008842	0.58502746	-6.007813	592000	-0.048446212	0.29986414	0.0	-0.10315001	0.90368456	5.9604646e-09	4517.043626070023
148	-5.270272	0.6227175	-4.646142	-12.698669	10.9725275	-2.1203377	3.3583083	0.7410836	-66.192116	596000	-0.03540534	8.079648	0.0	-7.7573385	0.90351397	-9.775162e-09	4546.852409362793
149	-5.2056108	0.41621715	-4.653627	-8.504591	10.861413	-1.9861746	1.9028138	0.79802907	-5.120741	600000	-0.081904106	0.16633049	0.0	-0.0138313025	0.9033567	4.887581e-09	4576.756193399429
150	-5.2724857	0.6506819	-4.6300745	-11.651021	10.983517	-1.9286897	1.8875217	0.88631594	-5.068808	604000	-0.070724055	0.3584117	0.0	-0.018655777	0.9031892	1.3113022e-09	4606.629781961441
151	-5.2961054	0.89793915	-4.63734	-15.874624	11.030387	-1.9955386	1.8896673	0.97252643	-13.01351	608000	-0.043899182	0.7378131	0.0	-0.11794883	0.90301776	-9.536744e-10	4636.591110229492
152	-5.2746086	0.64102507	-4.649721	-13.246487	10.994491	-2.0211017	1.8820564	1.0028975	-5.1465383	612000	-0.039517168	0.33727336	0.0	-0.00913769	0.90285313	-6.6757204e-09	4666.6872770786285
153	-5.2649226	0.6809088	-4.6494846	-12.2008295	10.96978	-1.9745755	1.8990644	1.1572932	-5.083041	616000	-0.048141725	0.35142717	0.0	-0.003236264	0.90269595	3.3974648e-09	4696.518887519836
154	-5.222577	0.45050958	-4.6528764	-7.8956456	10.901639	-1.989628	1.9073029	1.2142812	-5.0937743	620000	-0.055677693	0.1728831	0.0	-0.008228898	0.90253514	-2.6822091e-09	4726.301425457001
155	-5.2651024	0.5145587	-4.6480417	-9.520015	10.967033	-1.9279925	1.909478	1.1619558	-5.052514	624000	-0.06634691	0.19518577	0.0	-0.0032199621	0.9023837	-1.4185906e-08	4756.056270360947
156	-5.207223	0.43738833	-4.645937	-7.9092975	10.850543	-1.9826765	1.9121512	1.2372847	-5.10277	628000	-0.15056664	0.1486036	0.0	-0.0054680705	0.90222394	-8.3446505e-10	4785.654814958572
157	-5.267166	0.6268677	-4.6364827	-12.722295	10.967033	-1.9282956	1.9069508	1.2909261	-5.047331	632000	-0.06288718	0.2835844	0.0	-0.0065223873	0.902027	1.1265278e-08	4815.305757284164
158	-6.250651	18.827965	-4.6459312	-352.277	11.7728615	-8.022218	22.070162	1.2429372	-92.59845	636000	-0.02132652	34.099697	0.0	-23.945496	0.90183365	1.0371208e-08	4845.308477640152
159	-6.453506	21.416624	-4.642528	-395.6089	12.027108	-9.971983	24.430511	0.8013437	-95.42736	640000	-0.066749446	31.410637	0.0	-12.747448	0.9016576	-1.3232231e-08	4875.322631120682
160	-5.2573133	0.56465787	-4.6470156	-11.089695	10.950685	-2.1174662	2.1578116	0.5897205	-30.514576	644000	-0.033880197	1.1215023	0.0	-0.7803019	0.9014679	5.2452087e-09	4905.107276916504
161	-5.203179	0.5590862	-4.6532755	-12.7017145	10.855978	-2.0036407	1.9164196	0.7626895	-5.4672585	648000	-0.021188688	0.32102525	0.0	-0.036653876	0.90129083	-7.390976e-09	4934.887729644775
162	-5.254094	0.5202925	-4.648877	-10.557851	10.9262295	-1.9544857	2.0020833	0.85176075	-35.969055	652000	-0.07641997	0.60083485	0.0	-0.38395357	0.90112513	1.20997425e-08	4964.000337839127
163	-5.1970553	0.4109373	-4.6323714	-6.810845	10.829268	-1.9708847	1.9254619	1.0012586	-5.0819664	656000	-0.07930533	0.15861508	0.0	-0.017081335	0.90094596	5.9604643e-10	4993.225044727325
164	-5.1323285	0.36378515	-4.646626	-6.5474343	10.718498	-1.9492835	1.9035807	1.026004	-5.0291862	660000	-0.050115142	0.12349543	0.0	-0.011924133	0.90075713	-1.2040139e-08	5022.504706859589
165	-5.2235727	0.6381768	-4.6369	-13.2374735	10.891008	-1.8828672	1.8930482	1.0561516	-4.96688	664000	-0.103307836	0.3412453	0.0	-0.053748548	0.90057063	2.6822091e-09	5052.069560289383
166	-5.170494	0.587028	-4.631986	-12.691738	10.802703	-1.955457	1.9083266	1.1574953	-5.0472965	668000	-0.042468477	0.24685714	0.0	-0.008203074	0.90037185	-2.9802322e-10	5081.470458507538
167	-5.1408553	0.70640737	-4.6181955	-12.736464	10.765499	-1.9506537	1.8829359	1.1301085	-5.0054936	672000	-0.05235637	0.36688164	0.0	-0.014255762	0.90018505	-3.8743018e-09	5111.189840078354
168	-5.1847005	0.70928836	-4.6400785	-12.685778	10.845109	-2.0015664	2.3516169	1.130053	-34.11369	676000	-0.008460991	2.2974956	0.0	-1.9271976	0.9000079	4.5895576e-09	5140.8889355659485
169	-5.1311836	0.43151057	-4.648472	-7.3873415	10.744623	-1.9392039	1.8899478	1.4100863	-4.9809303	680000	-0.051533587	0.1517097	0.0	-0.008295298	0.89983594	4.4107438e-09	5170.997221469879
170	-6.1535296	16.852665	-4.621174	-317.48285	11.650146	-6.333297	19.546162	1.4581256	-101.32595	684000	0.006951993	85.73135	0.0	-65.18963	0.8996696	-1.2516975e-09	5201.605463981628
171	-5.2303176	0.7792227	-4.641879	-12.68898	10.934247	-2.312501	2.5427918	0.86682045	-46.003548	688000	-0.028198814	3.0559344	0.0	-2.6042788	0.89951694	-3.4570693e-09	5231.520044326782
172	-5.156871	0.70322096	-4.631457	-11.63178	10.802703	-2.015632	1.890401	0.9010831	-5.9386797	692000	-0.024317032	0.37983394	0.0	-0.035892844	0.89937645	1.1980534e-08	5261.534463405609
173	-5.174812	0.7926711	-4.637352	-14.295053	10.840109	-1.9659237	1.9021543	1.1086252	-11.550773	696000	-0.022317875	0.44215414	0.0	-0.033331424	0.8992399	-3.3378602e-09	5291.75906586647
174	-5.1555667	0.64215463	-4.6466737	-12.195971	10.791892	-1.9149235	1.9009011	1.1813664	-5.0155897	700000	-0.07062488	0.3035616	0.0	-0.012180448	0.8991193	-1.5497207e-08	5321.494681119919
175	-5.1176143	0.44725662	-4.6364775	-8.447284	10.718498	-1.9196037	1.8968091	1.178934	-4.9860435	704000	-0.07318687	0.17065166	0.0	-0.0116812885	0.8989906	4.9471853e-09	5351.116365909576
176	-5.1970277	0.58802277	-4.635062	-10.56264	10.847826	-1.9066457	1.8900526	1.1389561	-4.9481335	708000	-0.0674979	0.23903862	0.0	-0.004981801	0.898856	-6.496906e-09	5380.950108528137
177	-5.225252	0.67135894	-4.641278	-12.634809	10.899182	-1.9229228	1.9139209	1.1830438	-5.722979	712000	-0.052622627	0.2925735	0.0	-0.010608494	0.89871323	-1.4364719e-08	5410.637305259705
178	-5.1668477	0.4567393	-4.615922	-9.547588	10.786487	-1.9540381	1.9160633	1.2035483	-5.066024	716000	-0.117425315	0.172311	0.0	-0.014267489	0.8985777	1.6629697e-08	5439.9444231987
179	-5.1236506	0.37960806	-4.637033	-6.8248186	10.710456	-1.9155552	1.8935076	1.1254458	-4.9877815	720000	-0.11384114	0.11055967	0.0	-0.0032466352	0.89841807	-5.3644182e-09	5469.42092871666
180	-5.1478095	0.47772148	-4.640451	-10.009405	10.747312	-1.8987929	1.8925387	1.161401	-4.951917	724000	-0.08888523	0.16554895	0.0	-0.0056105554	0.89823395	3.1590461e-09	5498.993500471115
181	-5.8551226	12.714348	-4.6308384	-244.55206	11.282486	-5.447312	18.131424	1.2653507	-101.53424	728000	-0.0812813	46.473747	0.0	-29.521807	0.898041	-1.7285346e-09	5528.54305934906
182	-5.1974072	0.7091175	-4.6438828	-14.9118805	10.847826	-2.552105	5.2035904	1.1469635	-76.57044	732000	-0.029954664	22.65319	0.0	-22.262815	0.8978438	1.5497208e-09	5558.243725061417
183	-5.100403	0.3806431	-4.6375117	-6.7928853	10.673797	-1.9704797	1.8668463	1.0815582	-4.9137797	736000	-0.07534517	0.11904214	0.0	-0.014791854	0.89765584	2.2351742e-08	5587.89906334877
184	-5.11117	0.3747711	-4.643217	-6.806482	10.695188	-1.8770955	1.8777887	1.0704994	-4.890148	740000	-0.05573458	0.10595598	0.0	-0.001664333	0.8974679	-1.7285346e-09	5617.477408647537
185	-5.133302	0.57966423	-4.645774	-11.111877	10.747312	-1.867395	1.8847047	1.1253263	-4.9144397	744000	-0.030680593	0.2710872	0.0	-0.01764366	0.8972818	-2.3245812e-09	5647.082120895386
186	-6.026951	17.251736	-4.6150928	-327.71033	11.458453	-7.428147	22.170164	1.0998887	-100.99733	748000	-0.013481125	60.684265	0.0	-46.59573	0.89711404	-1.7404556e-08	5677.707454442978
187	-5.1536293	0.6750798	-4.6363416	-10.028312	10.8	-2.2527168	2.9433725	0.96194553	-53.53482	752000	-0.03441887	5.1674833	0.0	-4.831536	0.89695686	-7.033348e-09	5707.703979730606
188	-5.1734595	0.7565865	-4.625938	-12.721429	10.845109	-1.9654213	1.931906	0.838403	-26.405947	756000	-0.017779594	0.7038154	0.0	-0.32609224	0.8968092	-1.090765e-08	5737.647952079773
189	-5.7248077	11.442554	-4.6372275	-221.86504	11.139276	-4.8408985	15.93166	1.02578	-95.31106	760000	-0.028731631	38.22246	0.0	-22.113768	0.8966699	-1.6510487e-08	5767.638704776764
190	-5.728831	11.471587	-4.6270614	-222.26802	11.164804	-5.5648975	17.437834	0.9037907	-101.40216	764000	-0.016708164	17.069662	0.0	-1.2578402	0.89654315	4.768372e-10	5797.618056774139
191	-5.175528	0.71652037	-4.630851	-12.75642	10.845109	-2.4737608	4.7321653	1.108181	-80.97711	768000	-0.011335207	18.541521	0.0	-18.121193	0.8964222	-4.529953e-09	5827.515454530716
192	-5.086212	0.49358207	-4.6310434	-8.448376	10.684492	-1.9769433	1.8733019	0.9100244	-4.9315157	772000	-0.065149926	0.24756254	0.0	-0.026270583	0.89631134	4.768372e-10	5857.326498270035
193	-5.929744	15.548323	-4.648499	-297.042	11.349432	-6.5258718	19.925283	0.94582033	-94.29923	776000	0.0076597347	49.728123	0.0	-37.78901	0.8961885	8.404255e-09	5887.542577505112
194	-5.9985743	16.521597	-4.631982	-314.50787	11.4257145	-7.6194067	21.369003	0.91324925	-96.341324	780000	-0.029253941	16.490423	0.0	-2.2362032	0.896079	1.5497208e-09	5917.59827041626
195	-5.099446	0.43585795	-4.6359468	-8.401346	10.687166	-1.9953697	2.035625	0.86897814	-9.182274	784000	-0.017930783	0.43164968	0.0	-0.2607454	0.89598024	-3.8146974e-09	5946.948927164078
196	-5.1067357	0.37284207	-4.6310973	-6.833529	10.699732	-1.8832603	1.8629295	0.86364686	-5.2021146	788000	-0.08600307	0.14748953	0.0	-0.016553253	0.8958854	2.384186e-10	5976.09296131134
197	-5.1548557	0.6511066	-4.6411223	-12.18503	10.7789755	-2.003316	2.5418622	0.9727253	-54.393177	792000	-0.011756298	3.276142	0.0	-2.9257755	0.8957687	-4.9471853e-09	6005.340501785278
198	-5.154777	0.4188768	-4.632291	-8.935396	10.768194	-1.9281539	1.8783774	1.0304787	-4.945524	796000	-0.09792018	0.15427412	0.0	-0.008146986	0.895663	-2.8014182e-09	6034.206082105637
199	-5.09584	0.38767377	-4.6203938	-7.890263	10.664	-1.9277021	1.8791761	1.0346854	-4.9464254	800000	-0.028872268	0.1352893	0.0	-0.007435575	0.89554197	1.1265278e-08	6063.424538135529
