Epoch	AverageEpRet	StdEpRet	MaxEpRet	MinEpRet	EpLen	AverageVVals	StdVVals	MaxVVals	MinVVals	TotalEnvInteracts	LossPi	LossV	DeltaLossPi	DeltaLossV	Entropy	KL	Time
0	-616.3222	89.314224	-467.13596	-691.2734	931.25	-0.24054246	0.057260673	-0.14404748	-0.39528406	4000	-0.008379158	3588.341	0.0	-925.2295	0.91894394	-5.4240226e-09	9.366709470748901
1	-624.647	74.01875	-497.53778	-680.98346	947.5	-8.988399	0.0611745	-8.79905	-9.067302	8000	-0.028384846	2680.0637	0.0	-530.9673	0.91894263	-3.4570693e-09	18.41606068611145
2	-631.2	12.979538	-612.7144	-648.3791	1000.0	-14.54349	0.46288127	-10.957152	-14.739931	12000	0.0037717437	1972.0021	0.0	-400.29407	0.91882575	-5.066395e-09	27.239908456802368
3	-627.44965	6.0387983	-618.5158	-635.52405	1000.0	-19.605629	0.09262412	-18.913284	-19.64222	16000	0.030563517	1561.3218	0.0	-321.92212	0.91875523	-4.7683715e-09	36.119303941726685
4	-623.8136	12.953597	-602.2342	-636.6318	1000.0	-24.152824	0.004702487	-24.119057	-24.157528	20000	-0.035422187	1214.4629	0.0	-261.38617	0.91874284	3.4570693e-09	44.87395000457764
5	-614.0587	32.62375	-558.05634	-638.14386	964.5	-28.328613	0.0042914767	-28.301968	-28.333838	24000	0.04288923	1027.4305	0.0	-215.11206	0.9187007	3.5762786e-09	54.05468249320984
6	-631.69244	8.495676	-618.74695	-639.3115	1000.0	-32.1997	0.047905594	-31.785486	-32.216408	28000	-0.030845184	791.0593	0.0	-186.5155	0.91870326	1.7881394e-10	62.70692539215088
7	-634.98773	2.8640819	-631.23004	-638.58954	1000.0	-35.912758	0.00461585	-35.883545	-35.91767	32000	-0.015963692	630.0619	0.0	-154.1517	0.91867596	7.7486035e-09	71.23951315879822
8	-622.8179	8.106832	-611.7977	-631.5082	1000.0	-39.35311	0.065644756	-38.94448	-39.37384	36000	-0.033200074	441.17453	0.0	-110.804016	0.9186404	-7.390976e-09	79.9283287525177
9	-632.1023	2.8061612	-627.6643	-634.576	1000.0	-42.388367	0.010146657	-42.317173	-42.393444	40000	0.037883498	361.56073	0.0	-94.15372	0.9185827	-1.2516975e-09	88.50473737716675
10	-630.3733	9.818341	-616.87524	-639.8756	1000.0	-45.238243	0.0016045432	-45.232475	-45.24002	44000	-0.01283784	263.59695	0.0	-71.17226	0.9185591	-6.9737434e-09	97.21076798439026
11	-625.69354	5.7671633	-615.9075	-630.0974	1000.0	-47.78792	0.0068154465	-47.717308	-47.791054	48000	0.030203914	186.40903	0.0	-50.63687	0.91853034	5.543232e-09	105.83211851119995
12	-569.7528	56.87427	-478.8	-631.7686	910.0	-50.003242	0.0035930818	-49.966496	-50.00635	52000	0.0058224346	195.09326	0.0	-21.021667	0.91853106	-6.2584875e-09	114.68061971664429
13	-618.11664	33.54571	-560.37646	-642.0111	973.0	-51.498074	0.004789369	-51.458416	-51.501232	56000	-0.03423941	146.36887	0.0	-26.739883	0.9185319	3.695488e-09	123.3001000881195
14	-623.7254	13.222073	-608.6537	-636.92487	1000.0	-53.174843	0.003336987	-53.14854	-53.177208	60000	0.012606096	84.646965	0.0	-20.72834	0.91851735	-5.662441e-09	132.0634059906006
15	-577.56085	53.207485	-493.65707	-640.32904	919.25	-54.712296	0.0013730072	-54.70514	-54.714413	64000	-0.040833786	162.30391	0.0	-2.5946655	0.91851157	2.0861626e-09	140.64309310913086
16	-615.20355	16.0599	-587.9844	-628.51465	986.0	-55.317696	0.005134087	-55.283367	-55.320713	68000	0.005835686	84.89573	0.0	-6.8747177	0.918484	-2.026558e-09	149.30451893806458
17	-617.70935	19.70973	-586.932	-639.12445	991.0	-56.225452	0.003435278	-56.196495	-56.22767	72000	0.0063056545	76.91613	0.0	-5.011116	0.91845745	-5.3644182e-09	157.98395156860352
18	-596.42804	43.87315	-523.2702	-640.0155	960.25	-56.9913	0.27648044	-53.88176	-57.049046	76000	0.01112776	71.12108	0.0	-3.0484848	0.91843903	-3.8743018e-09	166.66768598556519
19	-623.31586	4.86997	-619.58966	-631.68976	1000.0	-57.698006	0.0039562886	-57.66912	-57.70121	80000	-0.0110374205	28.77846	0.0	-5.3842564	0.91843617	-2.9802322e-10	175.106050491333
20	-604.5829	21.273443	-570.35486	-625.7012	974.75	-58.56914	0.018303566	-58.43578	-58.5763	84000	-0.014889397	64.982544	0.0	-0.5871048	0.9184202	1.1324882e-09	183.6846137046814
21	-630.04785	13.30426	-613.54474	-648.56464	1000.0	-58.88972	0.026622672	-58.63116	-58.900898	88000	-0.036075305	24.542124	0.0	-4.503689	0.9183995	2.9802323e-09	192.27255749702454
22	-610.0305	7.880523	-602.6979	-623.2451	1000.0	-59.698578	0.070392884	-59.08488	-59.724903	92000	-0.020457108	12.474528	0.0	-0.21462631	0.918361	7.629395e-09	200.7723093032837
23	-555.1249	21.919806	-531.6191	-583.8734	882.0	-59.932056	0.009067732	-59.864468	-59.93705	96000	-0.021908188	213.63052	0.0	-183.9259	0.91831803	-4.1723253e-10	209.40396285057068
24	-509.30426	67.74044	-438.5193	-621.1018	815.5	-49.583603	16.685116	8.919106	-59.203434	100000	-0.03187457	108.020935	0.0	-68.21181	0.9182675	4.529953e-09	217.95980620384216
25	-542.01447	45.570103	-492.01608	-611.6233	870.0	-50.25197	15.385926	-13.7086115	-59.80896	104000	0.036989477	185.28636	0.0	-96.32189	0.9182135	-2.5629998e-09	226.5108289718628
26	-516.80347	69.818436	-433.28113	-622.24146	828.25	-55.539635	7.1088424	-36.213802	-60.15831	108000	0.013019111	73.63767	0.0	-12.335861	0.91818434	-3.4570693e-09	235.12780594825745
27	-593.68616	39.7397	-524.9116	-618.15894	960.75	-53.312096	8.857784	-29.893673	-60.501713	112000	0.011643022	86.793144	0.0	-66.20691	0.91815794	-6.7949295e-09	243.60507249832153
28	-603.4842	16.657911	-575.652	-618.9557	972.25	-53.659134	9.795212	-27.041737	-61.025784	116000	-0.012305967	104.93972	0.0	-50.381413	0.918147	-3.9935113e-09	252.0303590297699
29	-482.32062	70.63217	-402.74777	-601.99176	784.4	-57.697372	6.505882	-37.179966	-61.28279	120000	-0.017034609	195.96672	0.0	-73.833374	0.91812587	-4.768372e-10	260.66503071784973
30	-565.1499	60.453945	-469.38385	-620.8747	914.75	-55.762478	5.224859	-49.201168	-60.47981	124000	-0.06595569	82.195656	0.0	-4.58342	0.9181024	3.3974648e-09	269.26588582992554
31	-482.24176	90.88026	-389.33868	-613.8964	781.5	-57.45348	4.840975	-49.512943	-60.840843	128000	-0.046274554	100.68005	0.0	-2.5129929	0.91804874	-2.6822091e-09	277.9145140647888
32	-468.6844	64.33739	-395.9187	-562.7767	765.0	-56.638577	5.1686606	-49.19357	-60.670303	132000	-0.0019673633	142.09862	0.0	-31.290642	0.91797453	-7.629395e-09	286.49679923057556
33	-439.83432	75.75318	-369.85065	-570.695	708.6	-55.001465	6.98768	-40.424637	-59.707565	136000	-0.024528049	103.1607	0.0	-24.953941	0.9179126	-2.3245812e-09	295.1524987220764
34	-486.26578	81.66994	-390.84134	-598.9367	788.6	-50.111477	12.41471	-29.029648	-59.827583	140000	-0.037934005	134.54027	0.0	-20.028763	0.9178436	-4.8279762e-09	303.66109681129456
35	-440.35342	85.343376	-365.33365	-606.1244	712.0	-55.072773	8.951657	-35.595505	-60.425743	144000	0.0004213209	97.55087	0.0	-21.186874	0.9177624	4.708767e-09	312.28262424468994
36	-422.94418	97.04608	-356.58542	-614.3233	683.8	-55.351086	6.6986513	-36.39852	-60.298794	148000	-0.052998852	91.016426	0.0	-39.279457	0.91769207	2.503395e-09	321.0405149459839
37	-363.61258	25.739063	-317.35547	-393.89838	584.0	-50.6782	11.399169	-30.344904	-60.565533	152000	-0.03398877	71.47761	0.0	-61.97582	0.91760725	-1.847744e-09	329.71831583976746
38	-381.52747	45.616318	-316.41736	-469.59897	617.5	-48.50684	17.512589	-5.786166	-60.720547	156000	-0.006117289	120.74777	0.0	-63.799164	0.917513	-9.6559525e-09	338.4517605304718
39	-345.35178	16.168793	-315.95444	-372.6798	553.5714	-53.345608	10.230668	-20.859137	-61.376007	160000	-0.015985562	46.55694	0.0	-38.0485	0.91742796	-5.066395e-09	347.0861303806305
40	-368.98694	32.364	-320.10202	-420.61115	603.1667	-51.48172	13.321132	-12.003866	-61.521236	164000	-0.023787692	8.848501	0.0	-4.3511624	0.9173412	-3.2782554e-09	355.9785850048065
41	-358.46542	52.17465	-269.72266	-449.39813	579.6667	-47.859203	18.277029	0.2934215	-61.630424	168000	0.00018125366	123.868706	0.0	-67.458206	0.917253	-9.000301e-09	364.6488335132599
42	-374.2737	87.94076	-289.71576	-557.2242	609.1667	-49.59281	14.850732	-15.816188	-61.874763	172000	-0.018409472	113.11454	0.0	-29.90532	0.91717356	-3.5762787e-10	373.4167671203613
43	-323.5112	29.895496	-288.4652	-384.66162	520.2857	-52.081127	10.843141	-24.10466	-62.141026	176000	-0.004285945	37.7054	0.0	-29.809496	0.9170997	-5.722046e-09	382.17622447013855
44	-364.68832	42.71751	-317.67993	-427.55313	592.1667	-45.38086	17.734163	-12.671069	-62.260567	180000	0.025689177	156.44072	0.0	-106.5578	0.9170249	-7.7486035e-09	390.83105754852295
45	-312.51138	22.088629	-277.91693	-347.20886	504.0	-52.78507	10.346859	-21.01857	-62.605816	184000	0.041471556	53.32038	0.0	-46.56717	0.9169708	1.1742115e-08	399.7679772377014
46	-359.0609	111.08926	-283.43423	-604.46027	583.3333	-44.610226	19.19474	-5.757591	-62.399506	188000	-0.02199487	231.04845	0.0	-133.7254	0.9169388	3.8146974e-09	408.61860609054565
47	-334.49612	107.5207	-278.65808	-596.8498	544.1429	-48.921383	12.855694	-28.130684	-62.80086	192000	-0.024443343	125.724915	0.0	-9.530052	0.9168984	1.9073487e-09	417.4834270477295
48	-300.04538	39.847027	-252.9223	-394.5852	485.5	-51.357758	11.195714	-28.849577	-63.19895	196000	-0.030334244	71.73132	0.0	-19.916595	0.9168575	-7.092953e-09	426.20440649986267
49	-286.6419	13.169225	-259.99832	-303.33643	460.25	-49.854195	12.979891	-21.090199	-63.285316	200000	0.03224036	21.642233	0.0	-14.204985	0.9168076	-7.1525574e-10	435.1347620487213
